DeviceConfig:
    sample_rate_Hz: 1000000
    rx_mask: 5
    tx_mask: 1
    tx_power_level: 31
    if_gain_dB: 33
    start_frequency_Hz: 58000000000
    end_frequency_Hz: 63000000000
    num_samples_per_chirp: 64
    num_chirps_per_frame: 32
    chirp_repetition_time_s: 0.0005000000237487257
    frame_repetition_time_s: 0.07547599822282791
    hp_cutoff_Hz: 80000
    aaf_cutoff_Hz: 500000
    mimo_mode: off
DeviceMetrics:
    sample_rate_Hz: 1000000
    rx_mask: 5
    tx_mask: 1
    tx_power_level: 31
    if_gain_dB: 33
    range_resolution_m: 0.0314372219145298
    max_range_m: 1.0059911012649536
    max_speed_m_s: 2.477623462677002
    speed_resolution_m_s: 0.15485146641731262
    frame_repetition_time_s: 0.07547599822282791
    center_frequency_Hz: 60500000768.0
-20	20	60
[0.0, 0.0, -40.0, -40.0, -18.46153846153846, -40.0, -18.46153846153846, -21.538461538461537, -40.0, -18.46153846153846, -40.0, -40.0, -40.0, -18.46153846153846, -15.384615384615383, -40.0, -15.384615384615383, -18.46153846153846, -40.0, -21.538461538461537, 40.0, 40.0, -18.46153846153846, -18.46153846153846, -21.538461538461537, -18.46153846153846, -40.0, -40.0, -15.384615384615383, -9.23076923076923, -21.538461538461537, -30.769230769230766, -40.0, -24.615384615384613, -21.538461538461537, -15.384615384615383, -15.384615384615383, -15.384615384615383, 15.384615384615387, -18.46153846153846, -40.0, -40.0, -21.538461538461537, -18.46153846153846, -9.23076923076923, -15.384615384615383, -18.46153846153846, -12.307692307692307, -21.538461538461537, -15.384615384615383, -15.384615384615383, -15.384615384615383, -21.538461538461537, -15.384615384615383, 36.923076923076934, 6.153846153846153, -15.384615384615383, -18.46153846153846, -40.0, -21.538461538461537, 40.0, 9.230769230769234, -15.384615384615383, -40.0, -33.84615384615385, -40.0, -24.615384615384613, -27.692307692307693, -9.23076923076923, 40.0, -21.538461538461537, -9.23076923076923, -15.384615384615383, 18.461538461538467, -21.538461538461537, 36.923076923076934, -33.84615384615385, 3.07692307692308, -15.384615384615383, -33.84615384615385, -21.538461538461537, -12.307692307692307, -18.46153846153846, -15.384615384615383, -15.384615384615383, -15.384615384615383, -21.538461538461537, -15.384615384615383, 24.615384615384613, -21.538461538461537, -18.46153846153846, -18.46153846153846, -9.23076923076923, -15.384615384615383, -12.307692307692307, -6.153846153846153, -24.615384615384613, 40.0, -18.46153846153846, -40.0, -18.46153846153846, -24.615384615384613, -15.384615384615383, -15.384615384615383, -15.384615384615383, 0.0, 40.0, -21.538461538461537, 12.307692307692314, -6.153846153846153, -40.0, -40.0, -18.46153846153846, -40.0, -21.538461538461537, -15.384615384615383, 40.0, 9.230769230769234, -33.84615384615385, -18.46153846153846, -15.384615384615383, -27.692307692307693, -18.46153846153846, -27.692307692307693, 40.0, -40.0, 40.0, -40.0, -3.076923076923073, 18.461538461538467, -36.92307692307692, -30.769230769230766, -40.0, -21.538461538461537, -40.0, -40.0, -40.0, -21.538461538461537, -18.46153846153846, -12.307692307692307, -12.307692307692307, -3.076923076923073, -21.538461538461537, -21.538461538461537, -21.538461538461537, 27.692307692307693, -9.23076923076923, -21.538461538461537, -40.0, -27.692307692307693, -15.384615384615383, 40.0, 40.0, -6.153846153846153, 40.0, -9.23076923076923, -9.23076923076923, -18.46153846153846, 0.0, -21.538461538461537, -12.307692307692307, -15.384615384615383, -21.538461538461537, -24.615384615384613, -21.538461538461537, 24.615384615384613, -18.46153846153846, 9.230769230769234, -12.307692307692307, -12.307692307692307, -15.384615384615383, -21.538461538461537, -21.538461538461537, -12.307692307692307, -21.538461538461537, -3.076923076923073, 15.384615384615387, -24.615384615384613, 15.384615384615387, -18.46153846153846, 40.0, -9.23076923076923, -40.0, -12.307692307692307, 24.615384615384613, -9.23076923076923, 0.0, 40.0, 3.07692307692308, -9.23076923076923, 15.384615384615387, -24.615384615384613, 3.07692307692308, 6.153846153846153, -21.538461538461537, -27.692307692307693, -12.307692307692307, -12.307692307692307, 3.07692307692308, 40.0, 12.307692307692314, 3.07692307692308, -18.46153846153846, 40.0, -18.46153846153846, -40.0, -3.076923076923073, -12.307692307692307, -40.0, 40.0, 40.0, -40.0, 18.461538461538467, -15.384615384615383, 24.615384615384613, -40.0, -40.0, -40.0, -24.615384615384613, -3.076923076923073, -40.0, -21.538461538461537, 21.53846153846154, 40.0, 40.0, -3.076923076923073, 40.0, -40.0, -12.307692307692307, 33.846153846153854, -18.46153846153846, -40.0, -24.615384615384613, -9.23076923076923, -21.538461538461537, -33.84615384615385, -27.692307692307693, -15.384615384615383, -21.538461538461537, -21.538461538461537, -15.384615384615383, -18.46153846153846, -21.538461538461537, -27.692307692307693, -9.23076923076923, -30.769230769230766, -15.384615384615383, 40.0, -18.46153846153846, -40.0, 12.307692307692314, -33.84615384615385, -12.307692307692307, 21.53846153846154, -40.0, -12.307692307692307, -30.769230769230766, -40.0, -21.538461538461537, -24.615384615384613, 12.307692307692314, 0.0, 3.07692307692308, -15.384615384615383, 3.07692307692308]