DeviceConfig:
    sample_rate_Hz: 1000000
    rx_mask: 5
    tx_mask: 1
    tx_power_level: 31
    if_gain_dB: 33
    start_frequency_Hz: 58000000000
    end_frequency_Hz: 63000000000
    num_samples_per_chirp: 64
    num_chirps_per_frame: 32
    chirp_repetition_time_s: 0.0005000000237487257
    frame_repetition_time_s: 0.07547599822282791
    hp_cutoff_Hz: 80000
    aaf_cutoff_Hz: 500000
    mimo_mode: off
DeviceMetrics:
    sample_rate_Hz: 1000000
    rx_mask: 5
    tx_mask: 1
    tx_power_level: 31
    if_gain_dB: 33
    range_resolution_m: 0.0314372219145298
    max_range_m: 1.0059911012649536
    max_speed_m_s: 2.477623462677002
    speed_resolution_m_s: 0.15485146641731262
    frame_repetition_time_s: 0.07547599822282791
    center_frequency_Hz: 60500000768.0
0	20	50
[0.0, 0.0, 9.230769230769234, 9.230769230769234, 9.230769230769234, 6.153846153846153, 9.230769230769234, 9.230769230769234, 3.07692307692308, 9.230769230769234, 6.153846153846153, 9.230769230769234, 9.230769230769234, 9.230769230769234, 9.230769230769234, 9.230769230769234, 9.230769230769234, 12.307692307692314, 9.230769230769234, 3.07692307692308, 9.230769230769234, 6.153846153846153, 9.230769230769234, 6.153846153846153, 9.230769230769234, 9.230769230769234, 9.230769230769234, 9.230769230769234, 15.384615384615387, 9.230769230769234, 6.153846153846153, 9.230769230769234, 9.230769230769234, 9.230769230769234, 9.230769230769234, 9.230769230769234, 9.230769230769234, 9.230769230769234, 9.230769230769234, 3.07692307692308, 9.230769230769234, 6.153846153846153, 9.230769230769234, 9.230769230769234, 9.230769230769234, 9.230769230769234, 9.230769230769234, 9.230769230769234, 6.153846153846153, 9.230769230769234, 6.153846153846153, 9.230769230769234, 9.230769230769234, 9.230769230769234, 9.230769230769234, 9.230769230769234, 9.230769230769234, 9.230769230769234, 9.230769230769234, -21.538461538461537, 9.230769230769234, 6.153846153846153, 6.153846153846153, 9.230769230769234, 9.230769230769234, 9.230769230769234, 9.230769230769234, 9.230769230769234, 9.230769230769234, 9.230769230769234, 12.307692307692314, 9.230769230769234, 9.230769230769234, 9.230769230769234, 9.230769230769234, 9.230769230769234, 9.230769230769234, 6.153846153846153, 9.230769230769234, 6.153846153846153, 9.230769230769234, 9.230769230769234, 9.230769230769234, 9.230769230769234, 9.230769230769234, 9.230769230769234, 6.153846153846153, 9.230769230769234, 9.230769230769234, 9.230769230769234, 15.384615384615387, 6.153846153846153, 15.384615384615387, 9.230769230769234, 9.230769230769234, 9.230769230769234, 9.230769230769234, 6.153846153846153, 9.230769230769234, 6.153846153846153, 9.230769230769234, -36.92307692307692, 9.230769230769234, 9.230769230769234, 9.230769230769234, 9.230769230769234, 9.230769230769234, 9.230769230769234, 9.230769230769234, 9.230769230769234, 3.07692307692308, 9.230769230769234, 18.461538461538467, 9.230769230769234, 9.230769230769234, 9.230769230769234, 9.230769230769234, 6.153846153846153, 9.230769230769234, 6.153846153846153, 9.230769230769234, 18.461538461538467, 9.230769230769234, 12.307692307692314, 9.230769230769234, 12.307692307692314, 9.230769230769234, 9.230769230769234, 9.230769230769234, 9.230769230769234, 9.230769230769234, 9.230769230769234, 9.230769230769234, 9.230769230769234, 9.230769230769234, 9.230769230769234, 9.230769230769234, 9.230769230769234, 6.153846153846153, 3.07692307692308, 9.230769230769234, 33.846153846153854, 9.230769230769234, 9.230769230769234, 9.230769230769234, 6.153846153846153, 6.153846153846153, 6.153846153846153, 6.153846153846153, 6.153846153846153, -40.0, 9.230769230769234, 6.153846153846153, 9.230769230769234, 9.230769230769234, 12.307692307692314, 6.153846153846153, 6.153846153846153, 9.230769230769234, 9.230769230769234, 9.230769230769234, -6.153846153846153, 6.153846153846153, 27.692307692307693, 12.307692307692314, 9.230769230769234, 12.307692307692314, 9.230769230769234, 6.153846153846153, 9.230769230769234, 18.461538461538467, 6.153846153846153, 21.53846153846154, 9.230769230769234, 3.07692307692308, 6.153846153846153, 9.230769230769234, 6.153846153846153, 6.153846153846153, 0.0, 9.230769230769234, 12.307692307692314, 6.153846153846153, -3.076923076923073, 9.230769230769234, 6.153846153846153, 9.230769230769234, 6.153846153846153, 6.153846153846153, 6.153846153846153, 6.153846153846153, 9.230769230769234, 21.53846153846154, 6.153846153846153, 3.07692307692308, 9.230769230769234, 6.153846153846153, 12.307692307692314, 9.230769230769234, 12.307692307692314, 6.153846153846153, 6.153846153846153, 9.230769230769234, 3.07692307692308, 9.230769230769234, 6.153846153846153, 9.230769230769234, 0.0, 9.230769230769234, 6.153846153846153, 9.230769230769234, 6.153846153846153, 12.307692307692314, 9.230769230769234, -12.307692307692307, 12.307692307692314, 9.230769230769234, 6.153846153846153, 9.230769230769234, 9.230769230769234, 3.07692307692308, 9.230769230769234, 6.153846153846153, -40.0, 12.307692307692314, -15.384615384615383, 6.153846153846153, 9.230769230769234, 6.153846153846153, 12.307692307692314, 6.153846153846153, 9.230769230769234, 3.07692307692308, 6.153846153846153, 18.461538461538467, 3.07692307692308, 33.846153846153854, 9.230769230769234, -21.538461538461537, 6.153846153846153, 6.153846153846153, 6.153846153846153, 6.153846153846153, 9.230769230769234, 9.230769230769234, -40.0, 9.230769230769234, 40.0, 6.153846153846153, 40.0, 6.153846153846153, -40.0, 12.307692307692314, 40.0, 40.0, 12.307692307692314, -6.153846153846153, 6.153846153846153, -40.0, 9.230769230769234, 40.0, 40.0, 6.153846153846153, 40.0, 3.07692307692308]