DeviceConfig:
    sample_rate_Hz: 1000000
    rx_mask: 5
    tx_mask: 1
    tx_power_level: 31
    if_gain_dB: 33
    start_frequency_Hz: 58000000000
    end_frequency_Hz: 63000000000
    num_samples_per_chirp: 64
    num_chirps_per_frame: 32
    chirp_repetition_time_s: 0.0005000000237487257
    frame_repetition_time_s: 0.07547599822282791
    hp_cutoff_Hz: 80000
    aaf_cutoff_Hz: 500000
    mimo_mode: off
DeviceMetrics:
    sample_rate_Hz: 1000000
    rx_mask: 5
    tx_mask: 1
    tx_power_level: 31
    if_gain_dB: 33
    range_resolution_m: 0.0314372219145298
    max_range_m: 1.0059911012649536
    max_speed_m_s: 2.477623462677002
    speed_resolution_m_s: 0.15485146641731262
    frame_repetition_time_s: 0.07547599822282791
    center_frequency_Hz: 60500000768.0
0	20	50
[0.0, 0.0, -3.076923076923073, -3.076923076923073, -3.076923076923073, -3.076923076923073, 0.0, -3.076923076923073, 0.0, -3.076923076923073, -3.076923076923073, 3.07692307692308, -3.076923076923073, -3.076923076923073, 0.0, -3.076923076923073, -3.076923076923073, -3.076923076923073, -3.076923076923073, -3.076923076923073, -3.076923076923073, 40.0, -3.076923076923073, -27.692307692307693, -3.076923076923073, -3.076923076923073, -3.076923076923073, 0.0, -3.076923076923073, 0.0, -6.153846153846153, -3.076923076923073, 0.0, -3.076923076923073, 0.0, 6.153846153846153, 0.0, -3.076923076923073, 6.153846153846153, -3.076923076923073, -3.076923076923073, -30.769230769230766, -6.153846153846153, -3.076923076923073, 3.07692307692308, -6.153846153846153, -12.307692307692307, 3.07692307692308, 0.0, 0.0, -3.076923076923073, -9.23076923076923, -6.153846153846153, -3.076923076923073, -6.153846153846153, -3.076923076923073, -9.23076923076923, -3.076923076923073, -12.307692307692307, 0.0, 0.0, -9.23076923076923, -3.076923076923073, 0.0, -6.153846153846153, -9.23076923076923, 0.0, -12.307692307692307, 0.0, 0.0, 0.0, -40.0, 0.0, 0.0, -3.076923076923073, -15.384615384615383, -3.076923076923073, 0.0, 0.0, -9.23076923076923, -3.076923076923073, -3.076923076923073, -3.076923076923073, 3.07692307692308, -6.153846153846153, 6.153846153846153, -6.153846153846153, -30.769230769230766, 12.307692307692314, -3.076923076923073, -40.0, 12.307692307692314, -24.615384615384613, 6.153846153846153, 3.07692307692308, 0.0, -3.076923076923073, -3.076923076923073, 0.0, -3.076923076923073, -3.076923076923073, -6.153846153846153, 3.07692307692308, 0.0, -6.153846153846153, -30.769230769230766, 6.153846153846153, -6.153846153846153, 0.0, 0.0, -3.076923076923073, 0.0, -3.076923076923073, -3.076923076923073, 40.0, -3.076923076923073, 0.0, -3.076923076923073, -3.076923076923073, -3.076923076923073, 18.461538461538467, -9.23076923076923, -3.076923076923073, 0.0, -3.076923076923073, 21.53846153846154, -21.538461538461537, -3.076923076923073, 0.0, 6.153846153846153, -3.076923076923073, -3.076923076923073, 3.07692307692308, 0.0, 6.153846153846153, -3.076923076923073, -3.076923076923073, -3.076923076923073, -3.076923076923073, 6.153846153846153, -3.076923076923073, -3.076923076923073, -9.23076923076923, -3.076923076923073, -3.076923076923073, -3.076923076923073, -3.076923076923073, -3.076923076923073, 0.0, -3.076923076923073, -3.076923076923073, -3.076923076923073, -3.076923076923073, -3.076923076923073, 0.0, -3.076923076923073, 3.07692307692308, -3.076923076923073, -3.076923076923073, -3.076923076923073, -6.153846153846153, -6.153846153846153, -3.076923076923073, -3.076923076923073, -3.076923076923073, -6.153846153846153, -3.076923076923073, 3.07692307692308, -3.076923076923073, -3.076923076923073, -3.076923076923073, -3.076923076923073, 0.0, -3.076923076923073, -3.076923076923073, 0.0, -3.076923076923073, -3.076923076923073, 3.07692307692308, -6.153846153846153, -3.076923076923073, 0.0, -3.076923076923073, -3.076923076923073, -3.076923076923073, 0.0, -3.076923076923073, -3.076923076923073, -9.23076923076923, -3.076923076923073, 0.0, -3.076923076923073, -9.23076923076923, -3.076923076923073, 0.0, -3.076923076923073, -3.076923076923073, -3.076923076923073, -3.076923076923073, -3.076923076923073, -3.076923076923073, -3.076923076923073, -9.23076923076923, -30.769230769230766, -6.153846153846153, 3.07692307692308, -3.076923076923073, -3.076923076923073, 0.0, -15.384615384615383, -6.153846153846153, 6.153846153846153, -6.153846153846153, 9.230769230769234, 0.0, -3.076923076923073, -36.92307692307692, -3.076923076923073, -6.153846153846153, 9.230769230769234, 0.0, -6.153846153846153, 0.0, -6.153846153846153, -6.153846153846153, -6.153846153846153, -6.153846153846153, -9.23076923076923, -27.692307692307693, -6.153846153846153, -3.076923076923073, -3.076923076923073, -6.153846153846153, -3.076923076923073, 18.461538461538467, -3.076923076923073, 0.0, -6.153846153846153, -3.076923076923073, 0.0, -3.076923076923073, -6.153846153846153, -6.153846153846153, -9.23076923076923, -3.076923076923073, -3.076923076923073, 0.0, 3.07692307692308, 18.461538461538467, 0.0, -3.076923076923073, 6.153846153846153, 0.0, 3.07692307692308, -9.23076923076923, -3.076923076923073, -9.23076923076923, -3.076923076923073, -3.076923076923073, 0.0, -3.076923076923073, -3.076923076923073, 0.0, -6.153846153846153]