DeviceConfig:
    sample_rate_Hz: 1000000
    rx_mask: 5
    tx_mask: 1
    tx_power_level: 31
    if_gain_dB: 33
    start_frequency_Hz: 58000000000
    end_frequency_Hz: 63000000000
    num_samples_per_chirp: 64
    num_chirps_per_frame: 32
    chirp_repetition_time_s: 0.0005000000237487257
    frame_repetition_time_s: 0.07547599822282791
    hp_cutoff_Hz: 80000
    aaf_cutoff_Hz: 500000
    mimo_mode: off
DeviceMetrics:
    sample_rate_Hz: 1000000
    rx_mask: 5
    tx_mask: 1
    tx_power_level: 31
    if_gain_dB: 33
    range_resolution_m: 0.0314372219145298
    max_range_m: 1.0059911012649536
    max_speed_m_s: 2.477623462677002
    speed_resolution_m_s: 0.15485146641731262
    frame_repetition_time_s: 0.07547599822282791
    center_frequency_Hz: 60500000768.0
30	20	50
[0.0, 0.0, 0.0, 3.07692307692308, -27.692307692307693, -18.46153846153846, -21.538461538461537, -12.307692307692307, -15.384615384615383, -40.0, -40.0, 40.0, 40.0, -9.23076923076923, -9.23076923076923, 0.0, 3.07692307692308, 0.0, -9.23076923076923, -12.307692307692307, -18.46153846153846, -30.769230769230766, -24.615384615384613, -36.92307692307692, -9.23076923076923, -18.46153846153846, -12.307692307692307, 36.923076923076934, 6.153846153846153, 9.230769230769234, -27.692307692307693, -40.0, 3.07692307692308, -21.538461538461537, -18.46153846153846, 6.153846153846153, 12.307692307692314, -9.23076923076923, -12.307692307692307, 3.07692307692308, -33.84615384615385, -15.384615384615383, 6.153846153846153, 21.53846153846154, 18.461538461538467, 12.307692307692314, -9.23076923076923, -40.0, -18.46153846153846, -3.076923076923073, -24.615384615384613, -30.769230769230766, 9.230769230769234, 3.07692307692308, -21.538461538461537, -40.0, -40.0, -18.46153846153846, 40.0, -21.538461538461537, -9.23076923076923, -9.23076923076923, -12.307692307692307, -33.84615384615385, -9.23076923076923, -36.92307692307692, -6.153846153846153, -15.384615384615383, -18.46153846153846, 0.0, 3.07692307692308, -12.307692307692307, -15.384615384615383, -15.384615384615383, 40.0, -15.384615384615383, -21.538461538461537, -3.076923076923073, -27.692307692307693, -40.0, -6.153846153846153, -9.23076923076923, -9.23076923076923, -9.23076923076923, -15.384615384615383, -18.46153846153846, -12.307692307692307, -12.307692307692307, -40.0, 0.0, -27.692307692307693, 3.07692307692308, 40.0, 12.307692307692314, -30.769230769230766, -40.0, 40.0, 18.461538461538467, -40.0, -24.615384615384613, 0.0, 40.0, 40.0, 3.07692307692308, 40.0, -12.307692307692307, 40.0, 40.0, -9.23076923076923, -12.307692307692307, -9.23076923076923, -18.46153846153846, -18.46153846153846, -9.23076923076923, -33.84615384615385, -15.384615384615383, 33.846153846153854, -40.0, -24.615384615384613, -12.307692307692307, 30.769230769230774, 40.0, -24.615384615384613, -6.153846153846153, 0.0, -27.692307692307693, -21.538461538461537, -15.384615384615383, -15.384615384615383, -9.23076923076923, 40.0, -9.23076923076923, -30.769230769230766, -21.538461538461537, -12.307692307692307, -40.0, -40.0, 21.53846153846154, -6.153846153846153, 21.53846153846154, 40.0, -6.153846153846153, -15.384615384615383, -9.23076923076923, -9.23076923076923, -18.46153846153846, -18.46153846153846, -36.92307692307692, -27.692307692307693, -30.769230769230766, 3.07692307692308, -30.769230769230766, -6.153846153846153, -27.692307692307693, -21.538461538461537, 15.384615384615387, -40.0, -15.384615384615383, -12.307692307692307, -6.153846153846153, -9.23076923076923, -40.0, 30.769230769230774, -40.0, 40.0, 33.846153846153854, -6.153846153846153, -30.769230769230766, -9.23076923076923, -3.076923076923073, -9.23076923076923, -15.384615384615383, -21.538461538461537, -15.384615384615383, -12.307692307692307, -9.23076923076923, -3.076923076923073, -9.23076923076923, -21.538461538461537, 9.230769230769234, 12.307692307692314, -12.307692307692307, -21.538461538461537, -15.384615384615383, -9.23076923076923, -40.0, -9.23076923076923, 21.53846153846154, -18.46153846153846, -27.692307692307693, -9.23076923076923, -9.23076923076923, -40.0, 6.153846153846153, -27.692307692307693, -40.0, -40.0, -12.307692307692307, -15.384615384615383, -12.307692307692307, -40.0, -12.307692307692307, -30.769230769230766, -12.307692307692307, -15.384615384615383, -18.46153846153846, -12.307692307692307, -6.153846153846153, -18.46153846153846, -36.92307692307692, -40.0, -36.92307692307692, -27.692307692307693, -40.0, -18.46153846153846, -6.153846153846153, -40.0, -40.0, -3.076923076923073, -24.615384615384613, -40.0, -18.46153846153846, 40.0, -9.23076923076923, -21.538461538461537, 40.0, 40.0, -21.538461538461537, -18.46153846153846, -12.307692307692307, -40.0, -12.307692307692307, -18.46153846153846, -3.076923076923073, 36.923076923076934, 24.615384615384613, 0.0, 9.230769230769234, 33.846153846153854, 21.53846153846154, 40.0, 40.0, -40.0, 9.230769230769234, -6.153846153846153, -24.615384615384613, -24.615384615384613, -40.0, -3.076923076923073, -3.076923076923073, -12.307692307692307, -40.0, -40.0, -24.615384615384613, -3.076923076923073, -40.0, 3.07692307692308, -40.0, -15.384615384615383, -40.0, -18.46153846153846, -21.538461538461537, -15.384615384615383, -18.46153846153846, -18.46153846153846]