DeviceConfig:
    sample_rate_Hz: 1000000
    rx_mask: 6
    tx_mask: 1
    tx_power_level: 31
    if_gain_dB: 33
    start_frequency_Hz: 58000000000
    end_frequency_Hz: 63000000000
    num_samples_per_chirp: 64
    num_chirps_per_frame: 32
    chirp_repetition_time_s: 0.0005000000237487257
    frame_repetition_time_s: 0.07547599822282791
    hp_cutoff_Hz: 80000
    aaf_cutoff_Hz: 500000
    mimo_mode: off
DeviceMetrics:
    sample_rate_Hz: 1000000
    rx_mask: 6
    tx_mask: 1
    tx_power_level: 31
    if_gain_dB: 33
    range_resolution_m: 0.0314372219145298
    max_range_m: 1.0059911012649536
    max_speed_m_s: 2.477623462677002
    speed_resolution_m_s: 0.15485146641731262
    frame_repetition_time_s: 0.07547599822282791
    center_frequency_Hz: 60500000768.0
-10	20	50
[-6.153846153846153, -3.076923076923073, 36.923076923076934, -40.0, 36.923076923076934, 36.923076923076934, 36.923076923076934, 36.923076923076934, 36.923076923076934, 36.923076923076934, 36.923076923076934, 36.923076923076934, -40.0, 36.923076923076934, -40.0, 36.923076923076934, -40.0, 36.923076923076934, 36.923076923076934, 36.923076923076934, 36.923076923076934, 40.0, 36.923076923076934, -40.0, 36.923076923076934, 36.923076923076934, 36.923076923076934, 36.923076923076934, 36.923076923076934, 36.923076923076934, 36.923076923076934, 36.923076923076934, 40.0, 36.923076923076934, -40.0, 36.923076923076934, 36.923076923076934, 36.923076923076934, 40.0, 36.923076923076934, 36.923076923076934, 36.923076923076934, 36.923076923076934, 40.0, 36.923076923076934, -40.0, 36.923076923076934, 40.0, 36.923076923076934, 36.923076923076934, 36.923076923076934, 36.923076923076934, 36.923076923076934, 36.923076923076934, 36.923076923076934, 40.0, -40.0, 36.923076923076934, 36.923076923076934, 36.923076923076934, 36.923076923076934, 36.923076923076934, 40.0, 36.923076923076934, 36.923076923076934, 36.923076923076934, 36.923076923076934, -40.0, 36.923076923076934, 40.0, 36.923076923076934, 36.923076923076934, 36.923076923076934, 36.923076923076934, 36.923076923076934, 36.923076923076934, 36.923076923076934, 36.923076923076934, 40.0, 36.923076923076934, 36.923076923076934, 36.923076923076934, 36.923076923076934, 36.923076923076934, 36.923076923076934, 36.923076923076934, 36.923076923076934, 40.0, 36.923076923076934, 40.0, 36.923076923076934, 40.0, 36.923076923076934, 36.923076923076934, 36.923076923076934, 36.923076923076934, 33.846153846153854, 36.923076923076934, 36.923076923076934, 36.923076923076934, 36.923076923076934, 36.923076923076934, 36.923076923076934, 36.923076923076934, 36.923076923076934, 36.923076923076934, 36.923076923076934, -40.0, 36.923076923076934, 36.923076923076934, 36.923076923076934, 36.923076923076934, 36.923076923076934, 36.923076923076934, 36.923076923076934, 36.923076923076934, -40.0, 36.923076923076934, 40.0, 36.923076923076934, 36.923076923076934, 36.923076923076934, 36.923076923076934, 36.923076923076934, 36.923076923076934, -40.0, 36.923076923076934, -40.0, 36.923076923076934, 36.923076923076934, 36.923076923076934, 36.923076923076934, 36.923076923076934, 36.923076923076934, 36.923076923076934, 36.923076923076934, -40.0, 36.923076923076934, 36.923076923076934, 36.923076923076934, 36.923076923076934, 36.923076923076934, 36.923076923076934, 33.846153846153854, 36.923076923076934, -40.0, 36.923076923076934, -40.0, 36.923076923076934, 36.923076923076934, 36.923076923076934, 36.923076923076934, 36.923076923076934, 36.923076923076934, -40.0, 36.923076923076934, 36.923076923076934, 36.923076923076934, 40.0, 36.923076923076934, 36.923076923076934, 36.923076923076934, 40.0, 40.0, 36.923076923076934, 40.0, 36.923076923076934, 33.846153846153854, 36.923076923076934, 40.0, 36.923076923076934, 36.923076923076934, -40.0, 40.0, -40.0, 36.923076923076934, 40.0, 36.923076923076934, 36.923076923076934, 36.923076923076934, 40.0, 36.923076923076934, 40.0, 36.923076923076934, 36.923076923076934, 33.846153846153854, 36.923076923076934, 40.0, 40.0, 36.923076923076934, 40.0, 40.0, 40.0, 36.923076923076934, -40.0, 36.923076923076934, -40.0, 36.923076923076934, 36.923076923076934, 36.923076923076934, 36.923076923076934, 40.0, 40.0, -40.0, 40.0, -40.0, 36.923076923076934, 40.0, -40.0, 40.0, 40.0, 33.846153846153854, -40.0, 40.0, -40.0, 40.0, -40.0, -40.0, -40.0, 40.0, -40.0, -40.0, -40.0, -40.0, -40.0, -40.0, -40.0, 30.769230769230774, 33.846153846153854, -40.0, -40.0, 36.923076923076934, -40.0, 40.0, -40.0, -40.0, -40.0, -40.0, -40.0, -40.0, 40.0, -40.0, -40.0, -40.0, 40.0, -40.0, -40.0, -40.0, -40.0, -40.0, -40.0, 36.923076923076934, -40.0, 36.923076923076934, -40.0, 40.0, -33.84615384615385, -40.0, -40.0, -40.0, -40.0, -40.0, -40.0, -40.0, -40.0]